%YAML:1.0
---
rvec: !!opencv-matrix
   rows: 1
   cols: 3
   dt: f
   data: [ -2.26588154e+00, 2.21278214e+00, 9.84216183e-02 ]
tvec: !!opencv-matrix
   rows: 1
   cols: 3
   dt: f
   data: [ -2.43456960e-02, 5.14070652e-02, 3.36847806e+00 ]
