%YAML:1.0
---
rvec: !!opencv-matrix
   rows: 1
   cols: 3
   dt: f
   data: [ 2.49796367e+00, -2.35982227e+00, 4.98859622e-02 ]
tvec: !!opencv-matrix
   rows: 1
   cols: 3
   dt: f
   data: [ -1.27735496e-01, -2.10413605e-01, 4.75734186e+00 ]
