%YAML:1.0
---
image_width: 1280
image_height: 720
camera_matrix: !!opencv-matrix
   rows: 3
   cols: 3
   dt: d
   data: [ 1.3573049919868827e+03, 0., 5.8988136731229918e+02, 0.,
       1.3728916753623769e+03, 4.0577530267513981e+02, 0., 0., 1. ]
distortion_coefficients: !!opencv-matrix
   rows: 1
   cols: 5
   dt: d
   data: [ 3.2433307880588923e-02, -2.4455935233578083e+00,
       4.0544393859834799e-02, -3.1138927334321550e-02,
       7.5913774354506005e+00 ]
