%YAML:1.0
Camera_Matrix: !!opencv-matrix
   rows: 3
   cols: 3
   dt: d
   data: [ 3.0939724774187238e+02, 0., 3.1950000000000000e+02, 0.,
       3.0939724774187238e+02, 2.3950000000000000e+02, 0., 0., 1. ]
Distortion_Coefficients: [ -13, -452 ]
Pixel_to_World: 8.8458995819091797e+00
