%YAML:1.0
---
rvec: !!opencv-matrix
   rows: 3
   cols: 1
   dt: f
   data: [ -2.1677061714829868e+00, -2.0507315441483791e+00,
       2.3664248475494301e-01 ]
tvec: !!opencv-matrix
   rows: 3
   cols: 1
   dt: f
   data: [ -1.3700437031624677e-01, -1.2691369099241520e-01,
       1.4340462859514971e+00 ]
