%YAML:1.0
---
rvec: !!opencv-matrix
   rows: 3
   cols: 1
   dt: f
   data: [ -2.1887456912384406e+00, -2.0746285496082071e+00,
       2.1353115655148946e-01 ]
tvec: !!opencv-matrix
   rows: 3
   cols: 1
   dt: f
   data: [ -9.7445319630628829e-02, -9.2017179433022026e-02,
       1.0145295927720546e+00 ]
