%YAML:1.0
---
rvec: !!opencv-matrix
   rows: 3
   cols: 1
   dt: f
   data: [ -2.1627375540533538e+00, -2.0516937715796932e+00,
       2.4123645913335870e-01 ]
tvec: !!opencv-matrix
   rows: 3
   cols: 1
   dt: f
   data: [ -1.3672855313073437e-01, -1.2189169839074471e-01,
       1.4145452718308251e+00 ]
