%YAML:1.0
---
rvec: !!opencv-matrix
   rows: 3
   cols: 1
   dt: f
   data: [ -2.2008009064963208e+00, -2.0810507010553474e+00,
       2.0217038841420723e-01 ]
tvec: !!opencv-matrix
   rows: 3
   cols: 1
   dt: f
   data: [ -1.1069614827087534e-01, -1.0802495627456504e-01,
       1.1615789396163729e+00 ]
