%YAML:1.0
---
image_width: 800
image_height: 600
camera_matrix: !!opencv-matrix
   rows: 3
   cols: 3
   dt: d
   data: [ 8.5687910854388247e+03, 0., 5.8473580014190691e+02, 0.,
       8.5503252956290999e+03, 7.2611706230208006e+02, 0., 0., 1. ]
distortion_coefficients: !!opencv-matrix
   rows: 1
   cols: 5
   dt: d
   data: [ 1.3940698899738451e+00, -9.9367626296062923e+01,
       -2.9029563227400561e-02, -1.0546244121100869e-01,
       -1.6520619233908154e+00 ]
