<?xml version="1.0"?>
<opencv_storage>
<calibration_time>"Fri Aug 10 18:35:06 2018"</calibration_time>
<image_width>1016</image_width>
<image_height>1022</image_height>
<aspectRatio>1.</aspectRatio>
<flags>2</flags>
<camera_matrix type_id="opencv-matrix">
  <rows>3</rows>
  <cols>3</cols>
  <dt>d</dt>
  <data>
    3.8912007853971454e+03 0. 6.8933374863634788e+02 0.
    3.8912007853971454e+03 7.9593822047010394e+02 0. 0. 1.</data></camera_matrix>
<distortion_coefficients type_id="opencv-matrix">
  <rows>1</rows>
  <cols>5</cols>
  <dt>d</dt>
  <data>
    4.3859383459876738e-01 -4.6004093805006846e+01
    -7.7999954219595408e-02 -4.7282800978621142e-02
    3.1476265502116729e+02</data></distortion_coefficients>
<avg_reprojection_error>5.1880723531984279e+00</avg_reprojection_error>
</opencv_storage>
