<?xml version="1.0"?>
<opencv_storage>
<calibration_time>"mié 16 ene 2019 16:19:08 -03"</calibration_time>
<image_width>2040</image_width>
<image_height>2046</image_height>
<flags>0</flags>
<camera_matrix type_id="opencv-matrix">
  <rows>3</rows>
  <cols>3</cols>
  <dt>f</dt>
  <data>
    4.8229299069500921e+03 0. 1.1058121823338724e+03 0.
    4.8207152486486875e+03 9.5134161229586425e+02 0. 0. 1.</data></camera_matrix>
<distortion_coefficients type_id="opencv-matrix">
  <rows>1</rows>
  <cols>5</cols>
  <dt>f</dt>
  <data>
    -6.7896275309800680e-01 9.3120184510823218e+00
    5.3440772465162233e-03 -7.1731686027811997e-04
    -8.4850614872124240e+01</data></distortion_coefficients>
<avg_reprojection_error>4.9930223867362376e+00</avg_reprojection_error>
</opencv_storage>
