%YAML:1.0
Camera_Matrix: !!opencv-matrix
   rows: 3
   cols: 3
   dt: d
   data: [ 3.1491711975730931e+02, 0., 3.1950000000000000e+02, 0.,
       3.1491711975730931e+02, 2.3950000000000000e+02, 0., 0., 1. ]
Distortion_Coefficients: !!opencv-matrix
   rows: 5
   cols: 1
   dt: d
   data: [ 6.6085650091336628e-03, -1.0926315028167049e-02, 0., 0.,
       -9.3399279734871724e-03 ]
Pixel_to_World: 8.8051061630249023e+00
Field_Center: [ 36, 325 ]
