%YAML:1.0
---
image_width: 800
image_height: 600
camera_matrix: !!opencv-matrix
   rows: 3
   cols: 3
   dt: d
   data: [ 4.8901581283013029e+03, 0., 4.5107262264016890e+02, 0.,
       4.8879523523920543e+03, 2.6453869130175184e+02, 0., 0., 1. ]
distortion_coefficients: !!opencv-matrix
   rows: 1
   cols: 5
   dt: d
   data: [ -4.8670040905865719e-01, -2.2527266776214457e+01,
       3.3895855128027258e-02, -4.5226179452169127e-02,
       -8.8737673077918018e+00 ]
